
  Ketcher  8 32216252D 1   1.00000     0.00000     0

  7  6  0  0  1  0            999 V2000
    4.9920   -2.7750    0.0000 C   0  0  0  0  0  0  0  0  0  0  0  0
    5.8580   -2.2750    0.0000 C   0  0  0  0  0  0  0  0  0  0  0  0
    6.7240   -2.7750    0.0000 C   0  0  0  0  0  0  0  0  0  0  0  0
    7.5901   -2.2750    0.0000 C   0  0  0  0  0  0  0  0  0  0  0  0
    8.4561   -2.7750    0.0000 C   0  0  0  0  0  0  0  0  0  0  0  0
    9.3221   -2.2750    0.0000 C   0  0  0  0  0  0  0  0  0  0  0  0
    7.5901   -1.2750    0.0000 C   0  0  0  0  0  0  0  0  0  0  0  0
  1  2  1  0     0  0
  2  3  1  0     0  0
  3  4  1  0     0  0
  4  5  1  0     0  0
  5  6  1  0     0  0
  4  7  1  1     0  0
M  STY  1   1 GEN
M  SLB  1   1   1
M  SAL   1  4   3   4   7   5
M  SDI   1  4    6.2910   -3.2750    6.2910   -1.7750
M  SDI   1  4    8.8891   -1.7750    8.8891   -3.2750
M  END