
  Ketcher  8 32216212D 1   1.00000     0.00000     0

 17 18  0  0  0  0            999 V2000
    6.6000   -3.0306    0.0000 C   0  0  0  0  0  0  0  0  0  0  0  0
    7.4090   -3.6184    0.0000 C   0  0  0  0  0  0  0  0  0  0  0  0
    7.1000   -4.5694    0.0000 C   0  0  0  0  0  0  0  0  0  0  0  0
    6.1000   -4.5694    0.0000 C   0  0  0  0  0  0  0  0  0  0  0  0
    5.7910   -3.6184    0.0000 C   0  0  0  0  0  0  0  0  0  0  0  0
    4.8400   -3.3093    0.0000 C   0  0  0  0  0  0  0  0  0  0  0  0
    4.0968   -3.9785    0.0000 C   0  0  0  0  0  0  0  0  0  0  0  0
    8.3600   -3.3093    0.0000 C   0  0  0  0  0  0  0  0  0  0  0  0
    9.1032   -3.9785    0.0000 *   0  0  0  0  0  0  0  0  0  0  0  0
    3.1458   -3.6694    0.0000 C   0  0  0  0  0  0  0  0  0  0  0  0
    1.4748   -4.1189    0.0000 C   0  0  0  0  0  0  0  0  0  0  0  0
    2.4384   -4.3773    0.0000 C   0  0  0  0  0  0  0  0  0  0  0  0
    1.2151   -3.1522    0.0000 C   0  0  0  0  0  0  0  0  0  0  0  0
    2.8850   -2.6989    0.0000 C   0  0  0  0  0  0  0  0  0  0  0  0
    1.9174   -2.4463    0.0000 C   0  0  0  0  0  0  0  0  0  0  0  0
    7.6878   -5.3784    0.0000 C   0  0  0  0  0  0  0  0  0  0  0  0
    7.2811   -6.2920    0.0000 O   0  0  0  0  0  0  0  0  0  0  0  0
  1  2  1  0     0  0
  2  3  1  0     0  0
  3  4  1  0     0  0
  4  5  1  0     0  0
  5  1  1  0     0  0
  5  6  1  0     0  0
  6  7  2  0     0  0
  2  8  1  0     0  0
  8  9  2  0     0  0
  7 10  1  0     0  0
 12 10  2  0     0  0
 13 11  2  0     0  0
 10 14  1  0     0  0
 11 12  1  0     0  0
 14 15  2  0     0  0
 15 13  1  0     0  0
  3 16  1  0     0  0
 16 17  1  0     0  0
M  STY  1   1 SRU
M  SLB  1   1   1
M  SCN  1   1 HT
M  SMT   1 n
M  SAL   1  9   1   2   3   4   5   6   8  16  17
M  SBL   1  2   7   9
M  SDI   1  4    4.4684   -4.3939    4.4684   -2.8939
M  SDI   1  4    8.7316   -2.8939    8.7316   -4.3939
M  END
