
  Ketcher  8 22216442D 1   1.00000     0.00000     0

  9  8  0  0  0  0            999 V2000
    5.6420   -5.3750    0.0000 C   0  0  0  0  0  0  0  0  0  0  0  0
    6.5080   -4.8750    0.0000 C   0  0  0  0  0  0  0  0  0  0  0  0
    7.3740   -5.3750    0.0000 C   0  0  0  0  0  0  0  0  0  0  0  0
    8.2401   -4.8750    0.0000 C   0  0  0  0  0  0  0  0  0  0  0  0
    9.1061   -5.3750    0.0000 O   0  0  0  0  0  0  0  0  0  0  0  0
    4.7760   -4.8750    0.0000 O   0  0  0  0  0  0  0  0  0  0  0  0
    6.5080   -3.8750    0.0000 F   0  0  0  0  0  0  0  0  0  0  0  0
    7.3740   -6.3750    0.0000 C   0  0  0  0  0  0  0  0  0  0  0  0
    6.5080   -6.8750    0.0000 Br  0  0  0  0  0  0  0  0  0  0  0  0
  1  2  1  0     0  0
  2  3  1  0     0  0
  3  4  1  0     0  0
  4  5  1  0     0  0
  1  6  1  0     0  0
  2  7  1  0     0  0
  3  8  1  0     0  0
  8  9  1  0     0  0
M  STY  1   1 SRU
M  SLB  1   1   1
M  SCN  1   1 HT
M  SMT   1 n
M  SAL   1  3   1   2   7
M  SBL   1  2   2   5
M  SDI   1  4    5.2090   -5.8750    5.2090   -4.3750
M  SDI   1  4    6.9410   -4.3750    6.9410   -5.8750
M  STY  1   2 SRU
M  SLB  1   2   2
M  SCN  1   2 HH
M  SMT   2 m
M  SAL   2  4   3   4   8   9
M  SBL   2  2   2   4
M  SDI   2  4    6.9410   -5.8750    6.9410   -4.3750
M  SDI   2  4    8.6731   -4.3750    8.6731   -5.8750
M  END
